25.111997222
25.209783333
25.006
24.552197222
25.146997222
25.066408333
25.167
24.527077777
25.649077777
25.452338888
25.404208333
25.336258333
25.245997222
24.867997222
24.8
24.751997222
24.74585
24.777997222
24.789997222
24.76
24.772997222
25.308108333
25.527569444
25.518897222
25.266997222
24.711919444
24.682058333
24.494808333
25.029208333
24.672997222
25.620308333
25.625497222
24.7327
24.700169444
24.771108333
24.775308333
24.763547222
24.859477777
24.790708333
24.952997222
25.265797222
24.816677777
24.753
24.786997222
24.840477777
24.872519444
25.635
25.237997222
25.248997222
25.254997222
25.251377777
25.26
25.257997222
25.256
25.242997222
25.231
25.255008333
25.236997222
25.331969444
24.843408333
25.240769444
25.26
25.274058333
25.354208333
25.339288888
25.362177777
25.301608333
25.303997222
25.307997222
25.314
24.775997222
24.750838888
25.260997222
25.259
25.262788888
25.246997222
25.289
25.245
25.283997222
24.398908333
24.790947222
24.3334
24.443547222
24.459708333
24.46525
24.420358333
24.399177777
25.260997222
25.269997222
25.251
25.278997222
25.278997222
25.263997222
25.268997222
25.26
25.268
25.265997222
24.786997222
25.245997222
25.254
24.580997222
25.262
25.257997222
25.214277777
25.207997222
25.245
25.245
25.484108333
25.726408333
25.627508333
25.917
24.788969444
24.878388888
24.805908333
24.724
24.892327777
24.812997222
24.753488888
24.856997222
24.814577777
24.940608333
25.286
25.269508333
25.295997222
25.263
24.684769444
24.624636111
25.271
25.258977777
25.292997222
25.251
25.298997222
25.28
24.591
25.254997222
25.268
24.824088888
24.784969444
24.713997222
24.744627777
24.743808333
24.526269444
24.620608333
24.638
24.542169444
25.185997222
25.1903
25.215638888
25.239369444
24.996997222
25.260997222
25.26
25.295
25.193
24.690313888
25.950808333
24.733
24.754
24.698
24.696997222
24.795308333
24.841
24.853808333
24.864997222
24.818327777
24.945
25.222997222
25.226808333
25.236997222
25.094
25.23
25.182997222
25.228997222
25.121997222
25.213
25.244022222
25.226241666
25.207
25.227
25.219
25.274
25.289997222
25.271997222
25.257
25.251
25.254
25.288
25.292997222
25.263997222
25.265997222
25.277997222
25.263
25.254997222
25.26
25.717688888
25.678
25.713069444
25.022997222
24.92
24.991769444
24.905869444
25.274044444
24.667
24.760797222
24.694758333
24.713208333
24.93055
24.938838888
24.967877777
25.254997222
25.286
25.497458333
25.491852777
25.495697222
25.483875
25.288
25.278997222
25.277
25.234
25.163
25.143008333
25.100358333
25.071
25.126997222
25.538
25.508169444
25.626
25.776408333
25.306908333
25.306997222
25.257997222
25.291
25.268997222
25.26
25.263997222
25.263122222
25.288
25.239997222
25.239
25.082
25.175527777
25.014958333
25.245
25.206608333
25.240208333
25.216038888
25.350027777
25.798808333
25.725988888
25.863338888
25.737997222
25.174408333
25.233108333
25.199
25.204
25.159569444
25.128238888
25.112877777
25.13775
26.061658333
25.6901
25.167
25.303
25.084877777
25.753808333
25.886219444
25.789727777
25.709158333
25.806619444
25.599319444
25.728619444
25.666119444
25.725
25.703647222
25.212238888
25.152169444
25.184
25.189108333
25.106
25.609997222
25.594708333
25.284808333
25.273558333
25.21
25.276319444
25.189097222
25.235608333
25.235169444
25.321
25.257538888
25.285408333
25.280877777
25.331308333
25.570638888
25.664
25.606
25.617997222
25.603
25.614997222
25.585997222
25.711158333
25.865108333
25.654108333
25.802077777
25.536208333
25.618997222
25.589727777
25.614
25.613538888
25.606997222
25.322047222
25.323
25.318
25.284588888
25.308408333
25.542808333
25.644127777
25.696119444
25.608
25.621377777
25.355008333
25.329
25.310997222
25.361997222
25.492997222
25.310997222
25.248497222
25.323058333
25.301505555
25.304997222
25.309569444
25.303997222
25.307997222
25.3127
25.534069444
25.549977777
25.373
25.326
25.304997222
25.341
25.326
25.309997222
25.330997222
25.327997222
25.295
25.637397222
25.346
25.306
25.314688888
25.409419444
25.298997222
25.301997222
25.3
25.419127777
25.470827777
25.440997222
25.4387
25.327997222
25.464977777
25.524997222
25.422708333
25.72285
25.532
25.597569444
25.561888888
25.443
25.461997222
25.516997222
25.506969444
25.510858333
25.429108333
25.32
25.317
25.330997222
25.318997222
25.314
25.298997222
25.303997222
25.242
25.182997222
25.248997222
25.23495
25.236
25.237997222
25.233
25.212519444
25.481108333
25.468927777
25.312997222
25.380908333
25.399797222
25.405997222
25.42
25.413
25.447908333
25.428
25.423997222
25.399
25.416
25.265819444
25.286997222
25.270244444
25.409819444
25.891119444
25.890608333
26.010388888
25.824508333
25.277997222
25.338997222
25.338
25.336997222
25.333997222
25.3712
25.347819444
25.306
25.309
25.306
25.309
25.318997222
25.295
25.304997222
25.312
25.307958333
25.321
25.304777777
25.268019444
25.289997222
25.285
25.242
25.257997222
25.289
25.280997222
25.346
25.339997222
25.35
25.344997222
25.35
25.403997222
25.416
25.405997222
25.399
25.272997222
25.277
25.282
25.477638888
25.367
25.353
25.342997222
25.341997222
25.344997222
25.361
25.350997222
25.338997222
25.347688888
25.381
25.282
25.283
25.268
25.254
25.254
25.303
24.937288888
25.013647222
25.021908333
24.975797222
25.129997222
25.058097222
25.155997222
25.111938888
25.28
25.291
25.292
25.283
25.280997222
25.28
25.285177777
25.277
25.278847222
25.274438888
25.39
25.367577777
25.407
25.414
25.138
24.650997222
25.449
25.414827777
25.448477777
25.504327777
25.4886
25.284538888
25.273569444
25.175397222
25.160938888
25.207697222
25.096208333
25.076
25.023108333
25.844
25.851947222
25.798319444
25.8835
25.841597222
26.054019444
26.011708333
26.072877777
26.077608333
25.740469444
25.733
25.713108333
25.650808333
25.604508333
25.611908333
25.768308333
25.64665
25.599477777
25.542008333
25.508127777
25.274997222
25.278997222
26.11495
26.137008333
25.971727777
25.111
25.101169444
25.07
25.271997222
25.251
25.298997222
25.283
25.276377777
25.282
25.274
25.288
25.274
25.294
25.289997222
25.286997222
25.269997222
25.274997222
25.274958333
25.286
25.280038888
25.286
25.275997222
25.695969444
25.605
25.640569444
25.181
25.243997222
25.23
25.243997222
25.242
25.228
25.234
25.280997222
25.277997222
25.285
25.277997222
25.3
25.532
25.590538888
25.681
25.597827777
25.529058333
25.570538888
25.2798
25.202
25.169619444
25.200858333
25.2406
25.234997222
25.231997222
25.231
25.225997222
25.219997222
25.213997222
25.255586111
25.234038888
25.236997222
25.242
25.280638888
25.28
25.205447222
25.262
25.268997222
25.262797222
25.26
25.243997222
25.260997222
25.263797222
25.271
25.264547222
25.271997222
25.274
25.266997222
25.285
25.276941666
25.263
25.952108333
25.297
25.32
25.314
25.339997222
25.323
25.315997222
25.317
25.324
25.341
25.266997222
25.265997222
25.262
25.273791666
25.280997222
25.264333333
25.277997222
25.277
25.245997222
25.254997222
25.263
25.278997222
25.272997222
25.263997222
25.265
25.289302777
24.98
25.137
25.278997222
25.251997222
25.277997222
25.282019444
25.322158333
25.265
25.261908333
25.248
25.257
25.239969444
25.262
25.268
25.263869444
25.259
25.377788888
25.418908333
25.417
25.448527777
25.425938888
25.387677777
25.365519444
25.751808333
25.460908333
25.470327777
25.412608333
25.431119444
25.344777777
25.499408333
26.137452777
24.876569444
24.976208333
25.216
25.345208333
25.378508333
25.265997222
25.27925
25.273508333
25.239
25.225997222
25.071
25.509408333
25.244397222
25.065997222
25.069969444
25.097997222
25.039288888
26.295027777
25.631777777
25.554997222
25.595577777
25.595408333
25.645019444
25.521997222
25.568
25.167997222
25.152997222
25.213997222
25.132997222
25.161419444
25.099838888
25.077408333
25.047
25.217997222
25.217647222
25.145197222
25.231358333
25.559997222
25.286
25.276458333
25.283
25.282
25.263997222
25.278997222
25.271
25.286
25.283997222
25.289
25.282
25.273969444
25.272997222
25.2187
25.225997222
25.233586111
25.201
25.242997222
25.205997222
25.239
25.202
25.219
25.208997222
25.192
25.23
25.23
25.227
25.268997222
25.254997222
25.131777777
25.334458333
25.300997222
24.945
24.945288888
24.918408333
24.929997222
25.156847222
25.178997222
25.195
25.208997222
25.033
24.966997222
24.897997222
24.887
26.719997222
25.652997222
25.248111111
25.620997222
25.157908333
25.25955
25.186947222
25.126169444
25.078988888
25.492
25.412008333
25.394247222
25.386647222
25.437038888
25.424988888
25.609
25.608
26.125338888
25.532869444
25.624038888
25.460997222
25.236997222
25.413
25.789719444
25.347997222
24.862555555
25.23
25.207119444
25.084869444
24.819177777
25.797997222
25.939869444
25.138
24.954077777
24.881
24.905997222
24.878219444
24.852619444
25.082997222
24.844
25.248
25.174658333
25.194927777
25.100769444
25.254408333
25.147208333
25.018997222
25.080608333
24.933008333
24.959788888
25.021088888
25.000838888
25.026138888
25.013141666
25.282
25.053219444
25.280997222
25.265997222
25.283997222
25.185997222
25.256
25.236
25.289
24.491427777
24.515688888
24.413208333
25.279397222
24.372008333
24.984719444
24.995
24.981997222
24.996877777
24.998
24.986
24.971
24.992
24.856997222
25.873997222
25.268
25.102
25.1
25.304347222
25.231997222
25.411
25.312688888
24.510127777
26.123997222
24.989997222
24.984997222
25.882308333
25.986708333
25.937
25.995719444
25.929997222
26.044219444
25.951577777
26.035219444
25.928
25.411997222
25.121219444
25.132819444
25.342997222
25.309
24.884208333
26.231138888
26.325727777
25.964997222
25.821508333
25.843697222
25.760788888
25.839458333
25.763997222
25.297
25.2769
25.217997222
25.265
25.274997222
25.234997222
25.169
25.271
25.195
25.264077777
25.263
25.265
25.271
25.256
25.266997222
24.522997222
25.248997222
25.263
25.242
25.239997222
25.245997222
25.314
25.227
25.103697222
25.28
25.257
25.286
24.94885
24.948838888
24.948827777
25.251
24.948808333
24.948797222
26.240997222
24.948788888
24.884197222
25.283
25.283
24.7753
25.244375
25.217997222
25.170997222
25.299952777
25.287613888
25.152
25.137
25.251
25.263
25.23
25.242
25.257
25.317877777
25.397997222
25.797
25.307997222
25.3013
24.805297222
25.7268
25.282477777
25.280597222
25.30695
25.281769444
25.278838888
25.300997222
25.5609
25.052497222
25.614997222
25.6
25.633108333
24.921308333
25.032697222
25.020227777
24.949827777
24.841527777
25.262
25.1766
24.522997222
25.243997222
25.285119444
24.849047222
25.488358333
25.483
25.495997222
25.752708333
25.609997222
25.812997222
25.756627777
25.734997222
26.092997222
26.119808333
24.996997222
24.990908333
25.737997222
25.810997222
25.712358333
25.759
25.790308333
25.917997222
26.24135
25.498
25.262
25.251
25.245997222
25.259
25.263
25.614
25.65095
26.216669444
26.19865
26.163
25.870997222
25.864419444
25.94385
25.898747222
25.842327777
25.874069444
25.739
25.75155
25.727
25.779827777
25.839208333
25.287613888
25.625
25.548127777
25.612577777
25.578269444
25.675997222
25.614997222
25.627008333
25.632997222
25.685277777
25.611708333
25.609677777
25.091997222
25.267658333
25.163069444
25.920997222
25.927919444
25.952
25.952
25.928
25.934
25.969997222
25.908997222
25.945569444
25.946997222
25.931997222
25.611519444
25.415933333
25.3
25.004997222
25.486997222
25.001
25.411997222
25.251
25.388
25.824738888
25.900547222
25.903847222
25.905919444
25.894997222
25.902997222
25.876058333
25.807408333
25.605
25.581119444
25.616908333
25.633858333
25.560969444
25.584297222
25.655708333
25.612619444
25.648397222
25.65135
25.678308333
25.252719444
25.554747222
25.231408333
25.160508333
25.240008333
25.010008333
24.992997222
24.985608333
24.923588888
25.614
25.610458333
25.626405555
25.887369444
26.034908333
26.040088888
26.01
26.067108333
26.022258333
26.096277777
26.040688888
26.058908333
26.013127777
26.108738888
26.153197222
26.136788888
25.950569444
26.055269444
25.937997222
25.940997222
25.925997222
25.934
25.626405555
25.95
25.283
25.263
25.283777777
24.913297222
25.931
25.942330555
26.032
25.880108333
25.842108333
25.926897222
25.983047222
25.885777777
25.824977777
25.882069444
24.489508333
24.519997222
24.452
25.195
25.269997222
25.491908333
25.46675
25.487997222
24.566838888
25.757477777
24.9307
25.736469444
25.694108333
25.655308333
25.678308333
25.706777777
25.676277777
25.388619444
24.613405555
25.298997222
25.251997222
24.840697222
25.262
25.268997222
24.790852777
25.298997222
24.771044444
25.045997222
25.414997222
24.881888888
24.869388888
24.607638888
24.615247222
24.6563
24.618769444
24.663397222
24.618097222
25.275997222
24.808869444
24.818997222
24.916208333
24.797508333
25.23515
25.238777777
25.226019444
25.022827777
24.870808333
25.232247222
25.232247222
25.321297222
25.321
24.584488888
25.126997222
25.106997222
25.131288888
25.074997222
25.105
25.049208333
25.026708333
25.036
24.977
24.987627777
24.990997222
25.021
24.492
24.534308333
24.550308333
25.355
25.004997222
24.489997222
24.509808333
24.495997222
24.492997222
24.501997222
24.489080555
24.495916666
24.501997222
24.495997222
24.492
24.481886111
24.509
24.491127777
24.481997222
24.841997222
24.391997222
24.365997222
24.597
24.571
24.533897222
24.440369444
24.468908333
24.472997222
24.46
25.286997222
25.251
25.231997222
25.283
25.51085
25.271997222
25.447938888
24.786569444
24.835388888
24.849
24.811719444
24.859708333
24.612138888
24.587708333
24.541
24.406808333
24.5865
24.51555
24.548208333
24.5652
24.511838888
24.661997222
24.650827777
24.609997222
24.652138888
24.5756
24.586608333
24.626
24.618033333
24.620338888
24.643319444
24.690438888
24.522997222
24.573
24.532638888
24.643997222
24.626997222
25.246997222
25.068
26.065458333
26.138219444
25.567
25.620308333
25.53575
25.742997222
25.443277777
25.605172222
25.219
24.631952777
24.589208333
25.933308333
25.951227777
25.336569444
25.368988888
25.282
24.899130555
24.832738888
24.618016666
24.930541666
25.297
25.221
25.248488888
24.639238888
25.285397222
26.331297222
25.278997222
25.584283333
25.288
26.042997222
25.061197222
25.323
26.039997222
25.312997222
25.752758333
24.497219444
24.533508333
24.5302
24.510997222
24.469808333
24.62
24.615408333
24.518038888
24.565997222
24.547997222
25.354166666
25.28
25.301691666
25.268
25.253
25.461997222
25.262
25.272997222
25.487033333
24.556997222
25.322777777
25.231
24.484997222
25.149997222
25.26
25.262
25.253
25.231
24.618238888
25.251997222
25.275997222
25.288
26.0
25.265
25.263997222
25.417
25.243997222
25.242
25.277
25.611997222
25.745997222
26.198608333
26.282855555
26.159858333
25.233
25.361952777
25.38095
25.3998
25.274
25.78
25.268
25.414719444
24.542569444
24.664
24.725447222
24.658
24.653997222
24.716727777
24.682408333
24.588188888
25.242997222
25.288
25.268997222
26.268808333
26.177188888
24.768019444
24.78
24.768
24.772677777
24.771997222
24.775997222
24.777
24.922997222
24.899488888
25.781619444
25.706219444
25.689208333
26.041
25.312
25.394997222
25.423997222
25.809
25.803997222
25.652997222
25.208997222
25.21
24.689388888
25.282
24.631
24.64
24.632997222
24.635997222
24.617
24.625
24.635997222
24.623997222
24.501997222
24.481027777
24.497227777
26.096908333
26.054238888
26.120169444
26.091997222
25.998497222
25.754
25.912708333
25.990808333
25.957969444
26.002108333
26.004
25.6915
26.221
26.264847222
26.306058333
24.907180555
24.768188888
25.275997222
24.690313888
25.353997222
25.475161111
25.51245
26.2024
26.253058333
25.812791666
25.804419444
25.792419444
25.753758333
25.827219444
25.794688888
25.934997222
25.939
25.944647222
25.265
26.034677777
25.225
25.263
25.312997222
25.620186111
25.604858333
25.678380555
25.263
25.262
25.251997222
25.5104
25.299477777
25.289997222
25.310997222
25.2
25.298997222
25.309
25.282497222
25.635997222
25.957
25.940997222
25.275997222
25.285
25.140561111
25.263997222
25.286
25.207
25.268997222
25.187
25.340827777
25.326408333
25.977608333
26.021
26.013997222
26.06765
25.992
24.920108333
24.998408333
24.854108333
24.924297222
25.288
24.845038888
25.245488888
25.131
25.216027777
24.904877777
24.948780555
24.960569444
25.376058333
25.48655
25.545447222
25.453408333
25.490338888
25.498997222
25.497469444
25.399038888
25.938027777
25.979708333
25.785108333
25.237997222
25.486997222
25.501997222
25.086997222
26.272569444
26.291
26.197188888
25.786997222
25.798997222
25.806808333
25.805708333
25.800997222
25.864
25.209958333
25.336247222
25.16
24.846
24.830327777
25.975308333
25.952877777
25.893127777
25.983658333
25.265
25.285
25.289
25.306
26.237788888
26.228019444
26.130158333
26.305377777
26.224
26.227069444
26.133477777
26.1792
26.193119444
26.143669444
26.138108333
24.849
24.827538888
26.023597222
26.012158333
26.044
26.059858333
26.027
26.032938888
26.036997222
26.087808333
26.079997222
25.946
24.957708333
24.938947222
25.877408333
25.882997222
25.840708333
24.900169444
24.786758333
24.863019444
24.808408333
24.762
24.75775
24.911377777
24.871908333
24.830997222
24.83245
25.225997222
25.304997222
25.265
25.277
24.618447222
25.263
26.196108333
26.201
26.253338888
26.214419444
26.181758333
26.232469444
26.222608333
24.35385
24.344158333
24.392269444
24.461008333
24.53
25.416608333
25.603997222
24.767408333
24.742
24.660677777
24.772069444
24.874427777
24.876997222
24.83435
24.972
25.106
25.320977777
24.995
26.022997222
24.635
24.629
25.614
25.565997222
25.237997222
25.277
25.28
25.277997222
24.872508333
25.273658333
25.263997222
24.8485
24.501997222
24.805922222
24.821
24.835
24.841997222
25.061208333
25.103997222
25.059997222
25.060508333
25.262
25.280997222
25.266997222
25.278458333
25.518
25.262758333
25.263
25.266997222
25.263
25.278997222
25.268997222
25.278997222
25.277
25.281977777
25.278997222
25.560958333
25.932608333
26.163677777
24.618997222
25.941647222
26.240919444
25.4232
25.185838888
25.495
24.481
24.456577777
24.826219444
24.489997222
24.498
24.487997222
24.430569444
24.419988888
24.643
24.454988888
24.477
24.378008333
24.412727777
24.418608333
24.383108333
24.45
24.384658333
24.423997222
25.202997222
25.031447222
25.050997222
24.542
24.432097222
24.5073
25.644119444
24.574508333
24.554247222
24.516127777
24.641997222
24.691947222
24.608869444
24.694508333
24.592808333
24.520569444
25.26
25.283597222
25.617
25.693
25.28
24.924869444
25.283997222
25.263
24.78
24.4555
24.772677777
24.771916666
24.775997222
25.26
25.263997222
25.330997222
25.265
24.609
24.777238888
25.254997222
25.696147222
25.269997222
25.696127777
25.696119444
25.611897222
25.696108333
25.251
24.992583333
25.283
25.3094
25.275997222
25.251997222
25.464977777
24.832997222
24.7907
24.7783
25.029697222
25.011297222
25.265
25.722838888
25.143416666
25.260163888
25.397997222
25.442719444
25.560569444
25.295
25.274
25.19
24.924219444
25.137
25.274
25.397336111
25.402
25.443277777
25.6
25.242
25.478
25.237997222
25.245
24.763488888
25.275997222
25.286997222
25.275997222
25.271997222
25.291
25.506958333
25.940997222
25.6151
25.280413888
24.87
24.760608333
25.0
25.292305555
25.308127777
24.765
25.245997222
25.268997222
25.28
25.620997222
24.73
25.262
25.280997222
25.265
24.542
25.246997222
25.596
25.263997222
25.280997222
26.050997222
25.483
25.603
25.471
24.646
24.635997222
25.003
24.629
25.262
24.844
24.542
24.501
25.288
24.739208333
24.7635
24.675619444
24.698019444
24.689297222
24.766738888
24.644369444
24.7723
24.92
25.274997222
24.772469444
25.527558333
25.517611111
25.347997222
24.744308333
25.641877777
25.64
25.637169444
25.257
24.625
24.638997222
25.876
25.935997222
25.263997222
25.418097222
25.484608333
24.95
24.949
25.260997222
24.585819444
25.599
25.589997222
25.290691666
24.774997222
24.774
25.469
25.350997222
25.282
24.7676
25.275997222
25.248
24.805922222
25.307997222
25.2651
25.244597222
25.163069444
25.279497222
24.507608333
25.28
25.274997222
24.774233333
25.269997222
25.306
25.25
25.26
25.263997222
25.286997222
24.790852777
24.771044444
25.263
25.2479
25.804997222
24.632997222
25.655
24.963288888
25.376052777
25.492427777
24.41
24.6
25.501997222
25.263997222
24.625
24.792997222
24.626997222
25.497458333
25.491852777
25.495697222
25.483875
25.492205555
25.407072222
24.694747222
25.899997222
24.867813888
24.780277777
24.750469444
24.745838888
25.567
25.414
25.35
25.336997222
25.356997222
25.466869444
25.492
24.777877777
24.788952777
24.761091666
25.341997222
25.058088888
25.013633333
25.344997222
25.393
25.3
24.777
24.777997222
24.78
24.795938888
24.763997222
24.777997222
25.314
25.277997222
25.335
24.975997222
25.271997222
25.248997222
25.272997222
25.26
25.417
25.277
25.492
25.157

24.4343
25.248


25.263
25.103997222
25.338769444
24.952247222
25.105
24.4343
25.145877777
25.365213888
25.681
24.475638888
26.019819444
25.797997222
24.718275
25.798519444
25.422
25.609
25.611997222
25.274997222
25.275997222
24.768997222
24.777
24.783
24.992
24.984
24.992
26.035
25.194038888
25.588497222
25.265025
25.263997222
25.256
25.291
25.227
24.497219444
25.096197222
24.644361111
24.802169444
24.864080555
25.014944444
25.256
25.263997222
25.249377777
25.260997222
25.237997222
25.256
25.280997222
25.277
24.601758333
25.262
25.294
25.338997222
25.362169444
25.527558333
25.612608333
25.560997222
25.407072222
25.3
25.271997222
25.277
25.341247222
25.283997222
24.769997222
25.399
25.138
25.234997222
24.969
25.251
25.272077777
25.251997222
25.254
25.248
24.836997222
24.915108333
25.547813888
24.847
24.835997222
24.841997222
24.839997222
24.877197222
25.130308333
24.838997222
24.832
24.128
24.841858333
25.6109
25.269997222
25.859
25.050997222

25.785425
25.251
25.257997222
25.262
24.925997222
25.263997222
25.402
25.280997222
25.228
25.297997222
25.272997222
24.489997222
25.265997222
25.338997222
26.036997222
24.665244444
24.484897222
24.789
24.642858333
24.577
25.125
25.12
25.14
24.634
24.508308333
25.402088888
25.4542
25.189
24.603
25.935997222
26.032
25.98
26.042
24.637788888
24.506
24.64
24.498997222
24.718177777
25.617
24.967997222
25.099
25.105
24.832
25.282
24.772997222
24.631
24.448
25.649
24.742
24.493997222
24.621997222
25.609
25.932997222
25.785086111
26.100788888
25.849777777
24.842997222
24.841997222
25.262
24.498997222
24.797
24.868997222
25.281402777
25.615997222
25.282
25.123177777
24.758777777
25.762897222
25.312
25.3398
25.4388
25.357747222
25.615219444
25.577888888
25.019997222
25.353
25.714997222
25.35
25.596
25.609997222
25.609997222
25.621997222
25.649
25.649
25.609997222
25.614
25.611997222
25.568
25.638997222
25.609
24.911019444
25.12
24.852338888
24.921508333
24.989
24.646997222
24.521
24.416
24.594997222
24.461997222
25.595947222
25.976588888
24.77815
25.121997222
26.054997222
25.565
24.977338888
26.077997222
25.352
25.121997222
25.812169444
25.945
25.777997222
25.940997222
25.117
25.797997222
25.6141
25.291
24.663
25.166
25.059
25.323
25.321997222
24.990327777
25.693769444
26.169730555
25.603
25.614
26.160508333
24.896
25.925997222
25.6844
25.95
24.969997222
24.846
24.829997222
24.977908333
24.834297222
25.068983333
25.286997222
25.288
25.599
24.674238888
25.707997222
24.700238888
24.623997222
25.292997222
25.547997222
24.692127777
26.047997222
25.299158333
25.502227777
25.478
24.942
25.935997222
25.755930555
25.872438888
26.18185
25.043677777
26.042
25.260861111
24.996447222
24.818030555
25.506
25.795169444
25.801997222
25.803997222
25.806
25.791
25.791
25.734997222
25.791
25.792997222
25.902
25.652
25.725
25.335997222
25.352
25.42
25.952
25.69
25.815997222
25.844997222
25.893
25.815
26.135
25.829
26.174952777
25.419769444
25.117658333
25.898258333
25.851708333
25.254
25.547997222
25.605
25.487969444
25.318
25.307997222
25.067
25.268997222
25.519858333
25.612997222
25.602
25.611997222
25.611997222
25.628
25.606997222
25.370227777
25.019997222
25.408
25.678997222
25.509138888
24.522997222
24.569888888
25.471169444
24.488327777
24.493997222
24.640997222
24.806
25.25765
26.095558333
26.054358333
26.013627777
25.277
25.246997222
25.545
25.280997222
25.339997222
25.309997222
25.943997222
25.193
25.599
25.213
25.254997222
24.626
24.626
25.25
24.501997222
24.501
25.274
24.4739
25.277
25.403558333
25.314327777
25.240997222
25.239
25.25
25.36355
25.065997222
25.382
25.217997222
25.281483333
24.638
24.373
25.288
25.26
25.289997222
25.336997222
25.417997222
25.942
24.992997222
25.943997222
25.240997222
25.213
25.435997222
25.5
25.396
24.625
25.295
25.329
25.254
25.251997222
25.263997222
25.265
25.297
25.216
24.576069444
25.942
25.498
25.077
25.286997222
25.605
25.280569444
24.601877777
25.257997222
25.277997222
25.295
25.266997222
25.260997222
25.282
25.300997222
25.278997222
26.039997222
26.047997222
25.176997222
25.254997222
25.084277777
25.253
25.269997222
25.288
25.265
25.164
25.125
25.065
25.536997222
25.251
25.038
25.649627777
25.260997222
25.231997222
25.251997222
25.268219444
25.245
24.510727777
25.231
25.310997222
25.240997222
25.266997222
25.289997222
25.280997222
25.263997222
25.2
25.814
25.285
25.268
25.269997222
25.240997222
25.263
25.263
25.361997222
25.417997222
24.767127777
24.489997222
25.146
25.282
24.701
24.707
24.707
25.001997222
25.283802777
24.844
24.835
25.268619444
24.364997222
25.094997222
25.297997222
25.867327777
26.1871
25.931997222
25.260997222
25.067
24.678888888
25.291427777
25.265
25.277
25.275997222
25.26
25.233
25.260997222
24.236
24.501997222
24.806619444
25.253588888
25.283997222
25.243997222
25.193997222
25.243997222
25.242997222
25.285
25.251
25.307958333
25.26
25.245
24.624736111
25.245997222
24.501683333
25.263177777
25.268
25.280997222
25.257
24.775730555
25.25355
25.333997222
25.413
25.654597222
25.253
25.158
25.342997222
25.283997222
25.2843
25.2843
25.2843
25.2843
25.2843
25.254
25.257
25.257627777
25.257638888
25.064
25.276691666
25.850997222
26.086997222
25.797
25.745997222
26.045997222
26.024
25.896997222
25.943
26.000469444
25.298997222
25.248
24.775997222
25.243997222
24.886019444
24.486
25.300997222
25.332
25.342997222
25.309
25.288
25.458997222
25.245
25.265997222
25.940997222
26.088997222
26.036997222
25.269997222
25.243997222
25.597
25.304997222
25.062997222
24.977
25.348011111
25.2813
25.236
24.698
25.260997222
24.929997222
25.098938888
25.300997222
25.342386111
24.632997222
25.800669444
26.115997222
24.682997222
24.769138888
25.295
25.263
24.783
25.48
25.471
25.495997222
24.495997222
25.272997222
25.303997222
25.268997222
25.011297222
25.28
25.806788888
25.266997222
25.498
24.652997222
24.649997222
24.551877777
24.535
24.615947222
24.564619444
24.62
25.315997222
25.806
24.642058333
24.65765
25.3
25.936230555
25.597
25.594997222
25.303997222
25.728619444
25.816472222
25.242
24.639558333
24.702
24.501997222
25.492997222
24.70745
25.228
24.814
24.849
25.350997222
25.25
25.251997222
25.242997222
25.263997222
25.282
25.275997222
25.245
25.245
24.650694444
25.277997222
25.253
25.301997222
25.263997222
25.614
25.280997222
25.257
25.251
25.248
24.775997222
25.260997222
244625.0
25.318
25.260997222
25.289
25.236997222
25.089427777
26.039
25.246788888
25.713997222
25.771997222
24.768
25.266997222
25.800997222
25.934997222
25.795997222
25.251
25.259
25.2283
24.783
25.8
25.8
25.307997222
25.307997222
22.257997222
25.489997222
25.449
25.118997222
25.806
26.045
24.777
25.254
24.486
25.25
25.271997222
25.271997222
25.937997222
25.260997222
25.260997222
25.271
25.254
25.269997222
25.274
25.265997222
25.286997222
25.274
25.458997222
25.373997222
24.495997222
24.495997222
25.257758333
25.62
24.483
24.917247222
25.94
25.265997222
24.766997222
25.262
24.775997222
24.777997222
25.934
25.216997222
25.272997222
24.778447222
25.611
25.263997222
25.297997222
25.25
25.231
25.280997222
25.28
24.777997222
24.759
25.309
25.263997222
25.946977777
25.221
25.28
24.935997222
24.769997222
24.833997222
24.838
24.78
24.78
25.803
25.248
24.777997222
25.628
25.289
25.618997222
25.628527777
24.887719444
25.579997222
25.972
25.254
25.234997222
25.705997222
25.251
25.277
25.649
25.921277777
24.844
25.290469444
25.271997222
25.286997222
25.257027777
25.350997222
25.352127777
25.355
25.352
25.913
25.3
25.289
25.259
25.3
25.263
25.286
25.297997222
25.263
24.400997222
25.135997222
25.288
25.943
25.013997222
25.272080555
25.272080555
25.236094444
25.281166666
25.304277777
25.2804
25.081041666
25.249322222
25.253813888
26.044408333
25.286263888
25.099675
24.625
25.38
25.228997222
24.774
25.196
25.411147222
25.265
25.407
25.353997222
25.045997222
25.019997222
25.283
25.283
25.283
25.283997222
25.283
25.2283
24.628
24.640269444
25.278927777
25.34525
26.047727777
24.6384
25.417
24.777055555
25.612788888
25.415658333
25.109852777
24.638383333
24.638469444
25.23515
26.047405555
24.490833333
25.320977777
25.799438888
24.774
25.262
24.972
24.859
24.78
24.73
25.269441666
24.425
25.954
25.733
24.516997222
24.452
24.731263888
25.62
24.481427777
25.385
24.459266666
25.352
24.614997222
25.942
25.873
25.594
25.202997222
25.463
25.365997222
25.355
25.40105
25.269441666
25.283997222
25.228
25.254
25.204
25.260997222
25.242
25.240997222
25.236997222
24.661511111
24.668969444
25.286263888
25.292997222
25.064
25.388
25.936677777
25.934997222
25.738608333
24.815277777
24.786997222
25.006108333
25.876
24.400969444
24.611997222
24.536
24.624847222
24.643
24.92
25.237997222

25.259
25.792
25.277

24.998

25.257997222
25.623
26.004
25.259
25.396997222
24.765558333
24.722
24.824997222
25.949
26.036997222
25.885
26.041
25.269997222
25.806797222
25.937
25.285088888
25.309
25.135577777
25.265

24.545819444
25.611
25.277
25.161997222
25.175997222
25.306
24.919
25.277997222
25.001
25.021
24.734008333
25.213
25.284344444
25.246997222
25.038
25.274997222
26.210997222
25.623
25.270819444
25.172
25.263997222
25.838997222
25.805619444
25.265997222
24.815997222
24.815277777
24.489
25.265
24.786997222
24.525997222
24.866208333
25.060638888
25.111
25.102
25.42
25.806997222
25.199
25.28
25.223188888
25.255036111
25.364338888
25.792
25.256
25.288425
25.356
25.289
25.153997222
25.267497222
25.207997222
25.344997222
25.757997222
25.949
25.279230555
25.272997222
24.414125


25.25765
25.315997222
24.774
25.297
24.997519444
25.274
25.448
25.253638888
25.288
25.292

25.870997222
25.456977777
24.734
24.391322222
25.806997222
25.243997222
25.182997222
25.402997222
25.287969444

25.289997222

25.304997222
25.130577777
24.794

25.292
25.254997222
25.623
25.223441666
25.268
25.248997222
23.744472222

25.276808333
25.326497222
25.267497222

25.251997222
24.391691666
25.248997222
25.176997222

25.547
24.625
25.225
25.062
25.263997222
25.314
25.094997222

25.223052777
24.889158333
25.284327777
25.149997222
25.285
25.285
25.285
25.285
26.051175
25.289530555
24.486997222
25.274997222
25.265997222
25.263841666
24.490177777
25.311005555

25.276641666
24.931977777
24.989380555
25.351616666
25.614130555
25.190491666
25.183869444
25.468369444
25.288497222
25.940444444
24.834588888
24.112152777
25.2251


25.312997222
24.492736111
25.264308333
25.808044444

24.637358333
25.732647222
25.929863888
26.532611111
25.240838888
25.419513888
25.419911111
24.782819444
25.290472222
25.301691666
25.293077777
24.952
25.282427777
26.038
26.058619444
26.014577777
26.033430555
26.024663888
24.819627777
25.289911111
25.325922222
25.303538888
25.268986111

25.29335
25.121997222
25.111
25.111
25.455997222
25.274061111
25.2054
25.929533333
25.2848
25.13235
25.245425
25.251305555
25.111
25.111
25.498883333
25.069861111
25.0686
25.062636111
25.243527777
24.121633333
25.251519444
25.479611111
25.235688888
25.110138888
25.204205555
25.279172222
25.937075
25.253
25.268
25.312997222
25.265997222
25.321
25.32
25.222997222
25.222
24.486997222
25.3127
25.234
25.077997222
25.290747222
25.122902777
25.125483333
25.3004
24.837077777
25.933191666
25.102
25.239058333
24.781147222
25.932188888
25.261369444
25.273338888

25.268
24.782
25.608
25.333997222
25.094997222
25.298997222
25.605
25.312
25.123
25.231
25.251
24.658997222
25.1002
25.25415
25.246977777
25.143638888
25.106397222
25.481308333
24.388997222
25.257138888
25.243527777
25.284036111
25.238388888
24.617
25.13235
25.678977777


25.805133333
25.06445
25.600972222
25.605019444
25.263997222
25.300997222
25.608
25.183994444
25.268997222
25.234997222
25.228997222
25.224
25.224
25.611997222
