110.046
110.67799722
110.05899722
110.31465833
110.18399722
110.18400833
110.397
110.54139722
109.95792777
110.05847777
110.04720833
110.12067777
110.18999722
110.39799722
110.503
110.48799722
110.51520833
110.477
110.48499722
110.50199722
110.49299722
111.04782777
111.15391944
111.21417777
110.26999722
110.30047777
110.35965833
110.49540833
110.31410833
110.61799722
111.23520833
111.20000833
110.61691944
110.61683888
110.70530833
110.77700833
110.79725833
110.70626944
110.65310833
110.793
110.319
110.75166944
110.44899722
110.396
110.43317777
110.43192777
110.055
110.19199722
110.20199722
110.21099722
110.18650833
110.21999722
110.215
110.21699722
110.20699722
110.194
110.18560833
110.19799722
110.3044
110.41105833
110.86021944
110.903
110.95953888
111.04430833
111.08418888
111.03033888
111.00560833
110.283
110.295
110.295
110.69499722
110.63417777
110.29999722
110.29999722
110.31804722
110.308
110.31699722
110.31799722
110.334
110.42891944
110.72535
110.96695833
110.92582777
110.97960833
110.95558888
110.97352777
110.95762777
110.218
110.19199722
110.304
110.325
110.33299722
110.295
110.32699722
110.31799722
110.316
110.325
110.54999722
110.212
110.17499722
110.47299722
110.19799722
110.20099722
110.19432777
110.159
110.19799722
110.19899722
110.07430833
109.93200833
109.91130833
109.87199722
110.42328888
110.49084722
110.44100833
110.447
110.47382777
110.39499722
110.44887777
110.515
110.48033888
110.86950833
110.33199722
110.31503888
110.31
110.31499722
110.67863888
110.65570833
110.301
110.30842777
110.30899722
110.31499722
110.302
110.31699722
110.84999722
110.30599722
110.299
110.55098888
110.5999
110.46299722
110.38941944
110.42003888
110.83420833
110.86310833
110.87
110.8926
110.965
110.99487777
111.04834722
111.07434722
110.86499722
110.296
110.31
110.307
110.33499722
111.95699722
109.83640833
110.48699722
110.424
110.47499722
110.51699722
110.34020833
110.358
110.32240833
110.334
110.50345833
110.48199722
110.28799722
110.30242777
110.287
110.274
110.349
110.286
110.283
110.29099722
110.284
110.27127222
110.30691388
110.34
110.33499722
110.31399722
110.32699722
110.38299722
110.33499722
110.31199722
110.31799722
110.308
110.319
110.34699722
110.30599722
110.311
110.31999722
110.32599722
110.33799722
110.31399722
111.14825833
110.89
110.92136944
110.456
110.384
110.36003888
110.35378888
111.95999722
110.59999722
110.57112777
110.57008888
110.54690833
110.80095833
110.83088888
110.77965
110.31399722
110.32599722
111.149
110.15
110.17799722
110.147
110.263
110.274
110.295
110.05299722
110.287
110.27402777
110.35047777
110.29999722
110.289
110.68899722
110.66143888
110.629
110.46560833
110.35129722
110.35099722
110.32399722
110.31399722
110.308
110.30299722
110.30299722
110.30026944
110.304
110.31699722
110.28799722
110.302
110.75750833
110.71811944
110.85099722
110.77280833
110.82852777
110.79846944
110.05577777
110.56645833
110.34807777
110.48556944
110.50345833
110.49690833
110.55270833
110.515
110.57599722
110.73836944
110.74683888
110.58617777
110.58017777
110.05650833
109.98558888
110.397
110.376
110.50815
110.48500833
110.48914722
110.55000833
110.47367777
110.45561944
110.68672777
110.75306944
110.77168888
110.763
110.79112777
110.5905
110.57456944
110.43899722
110.41030833
110.44799722
110.676
110.64810833
110.50790833
110.40297777
110.4
110.47367777
110.47276944
110.45420833
110.41151944
110.40999722
110.58105833
110.54210833
110.72900833
110.59290833
110.62369722
110.659
110.66599722
110.66299722
110.67499722
110.66599722
110.673
110.69828888
110.41240833
110.51305
110.3071
110.66009722
110.668
110.67436944
110.667
110.65157777
110.67
110.26089722
110.29
110.299
110.63115
110.64180833
110.26480833
110.25507777
110.23216944
110.19899722
110.22643888
110.22710833
110.23199722
110.23399722
110.28199722
110.15699722
110.56
110.69981944
110.66777777
110.28555555
110.265
110.28342777
110.298
110.30299722
110.27996666
110.05206944
110.0246
110.06999722
110.30299722
110.305
110.355
110.311
110.311
110.319
110.301
110.28499722
110.11743888
110.46699722
110.409
110.50175833
110.46707777
110.26999722
110.277
110.304
110.24125833
110.30146944
110.308
110.21698888
110.29
110.46911944
110.233
110.15205833
110.23701944
110.257
110.25645
110.32336944
110.34999722
110.37999722
110.424
110.38585
110.34917777
110.39163888
110.298
110.265
110.292
110.28199722
110.29099722
110.29399722
110.292
110.293
110.36299722
110.27599722
110.38010833
110.37199722
110.302
110.28199722
110.26158888
110.24250833
110.32935833
110.33599722
110.39040833
110.31799722
110.31399722
110.31499722
110.31799722
110.27590833
110.33799722
110.331
110.316
110.31699722
110.30447777
110.364
110.30645833
110.36040833
109.90947777
109.90912777
109.79662777
109.88110833
110.266
110.29099722
110.299
110.301
110.299
110.31790833
110.305
110.29
110.25799722
110.293
110.29
110.287
110.293
110.311
110.298
110.29605833
110.305
110.27259722
110.2573
110.259
110.26399722
110.31199722
110.33299722
110.31799722
110.32399722
110.301
110.308
110.29399722
110.31
110.307
110.31999722
110.322
110.32399722
110.33199722
110.29999722
110.301
110.27899722
110.23302777
110.31
110.304
110.302
110.304
110.305
110.304
110.32099722
110.275
110.25700833
110.313
110.274
110.319
110.331
110.32399722
110.295
110.32599722
110.9029
110.80522777
110.85368888
110.8606
110.89799722
110.86015
110.87699722
110.93002777
110.281
110.295
110.29399722
110.296
110.302
110.287
110.29895833
110.29099722
110.29612777
110.28769166
110.31699722
110.34160833
110.32699722
110.32599722
110.421
110.73499722
110.709
110.71259722
110.74023888
110.68912777
110.63083888
110.28755833
110.28669722
110.89464722
110.92408888
110.88443888
110.87630833
110.94299722
110.90932777
109.84799722
109.81055
109.82270833
109.86042777
109.75114722
109.92379722
109.95841944
110.02663888
109.97130833
109.95413888
109.86299722
109.82060833
109.88730833
109.81540833
109.82500833
109.83540833
109.83612777
109.76879722
109.79200833
109.80906944
110.29699722
110.296
110.01045833
109.96100833
109.89418888
110.29399722
110.33095
110.302
110.32299722
110.311
110.316
110.31199722
110.28137777
110.292
110.287
110.29399722
110.286
110.268
110.277
110.30899722
110.28499722
110.27299722
110.28691944
110.27899722
110.29048888
110.289
110.292
110.32521944
110.525
110.47551944
110.337
110.29
110.289
110.278
110.33499722
110.292
110.293
110.292
110.292
110.292
110.29399722
110.287
110.06799722
110.07683888
110.048
110.03197777
109.99751944
110.12866944
110.29286944
110.02599722
110.01434722
110.08004722
110.02145833
110.295
110.296
110.274
110.298
110.27299722
110.299
110.36215555
110.32220833
110.31
110.346
110.2943
110.29
110.36441944
110.305
110.289
110.28085
110.25499722
110.257
110.28499722
110.26671388
110.262
110.27986944
110.27899722
110.257
110.26
110.254
110.26053055
110.26099722
111.12157777
110.24599722
110.32299722
110.31199722
110.33299722
110.301
110.30299722
110.34499722
110.33299722
110.322
110.275
110.24299722
110.29
110.24536944
110.292
110.32783055
110.283
110.274
110.23399722
110.284
110.277
110.25499722
110.269
110.259
110.29099722
110.254775
109.98399722
110.072
110.29
110.29699722
110.28199722
109.98777777
110.07411944
110.28
110.27575
110.26699722
110.262
110.2553
110.24899722
110.278
110.27966944
110.265
110.70188888
110.58670833
110.59099722
110.54785833
110.61287777
110.61128888
110.59867777
110.28850833
110.80340833
110.78701944
110.75077777
110.78611944
110.77035833
110.77040833
111.30899722
109.74061944
109.74337777
110.242
110.03300833
109.99513888
109.95099722
109.94781944
110.02430833
110.29699722
110.266
110.293
109.92140833
110.10883888
110.20999722
110.15387777
110.251
110.17634722
111.1584
110.42674722
110.444
110.45822777
110.37091944
110.33787777
110.46699722
110.46599722
110.128
110.09
110.11599722
110.12399722
110.18933888
110.13336944
110.21630833
110.257
110.04699722
110.04705833
110.50798888
110.59772777
110.492
110.29699722
110.28860833
110.30899722
110.29099722
110.28
110.30899722
110.298
110.304
110.284
110.283
110.28499722
110.28712777
110.283
110.361
110.284
110.30365
110.278
110.287
110.283
110.274
110.28499722
110.283
110.26999722
110.31199722
110.378
110.37099722
110.38299722
110.26699722
110.27899722
109.98064722
110.17757777
110.20499722
110.31399722
110.31442777
110.27240833
110.32599722
110.34207777
110.322
110.358
110.32399722
110.45
110.45399722
110.51699722
110.498
111.65999722
110.685
110.281
110.659
109.76030833
109.76715
109.75753888
109.86851944
109.71551944
111.155
111.09850833
111.06165833
111.10954722
111.10259722
111.16347777
110.671
110.664
111.79999722
111.09069722
111.08745
110.80299722
110.18899722
110.75
110.55299722
110.305
110.73094444
110.385
109.79433888
109.83776944
110.23499722
109.99299722
111.06772777
110.158
110.00355833
109.93999722
109.938
109.99979722
109.99105
110.43
109.905
109.82899722
109.85950833
109.84222777
109.92027777
109.82600833
109.90940833
110.09699722
110.08730833
110.11748888
110.10252777
110.14162777
110.09028888
110.04483888
110.23699722
110.305
111.257
110.31399722
110.301
110.36799722
110.38899722
110.32599722
110.32699722
110.334
110.30038888
110.34782777
110.39770833
110.2921
110.41790833
109.99468888
109.98699722
109.97799722
109.96920833
109.995
109.97599722
109.971
109.989
110.515
111.15999722
110.319
110.28799722
110.283
110.29493888
110.28799722
110.31999722
110.30899722
110.15512777
111.81
109.99299722
109.995
111.10813888
110.96360833
110.95199722
110.92396944
110.99599722
110.83802777
110.87937777
110.88798888
111.069
110.322
110.06499722
110.07399722
110.307
110.328
110.90838888
111.00755833
110.95887777
111.006
111.29280833
111.21095833
111.25433888
110.88972777
110.881
110.32299722
110.2938
110.36499722
110.34799722
110.35299722
110.37999722
110.33599722
110.27299722
110.28799722
110.23290555
110.27299722
110.28
110.289
110.275
110.287
110.39
110.12199722
110.159
110.066
110.11899722
110.206
110.29999722
110.302
110.28979722
110.32899722
110.328
110.337
110.677
110.676
110.67499722
110.328
110.673
110.67199722
111.251
110.671
110.90837777
110.26699722
110.316
110.77718888
110.28820555
110.35299722
110.31799722
110.28095277
110.29300833
110.426
110.307
110.269
110.289
110.17799722
110.19599722
110.20399722
110.30299722
110.319
110.004
110.271
110.29439722
109.9046
110.7622
111.32599722
111.32399722
111.35099722
111.274
111.296
110.29399722
109.82089722
110.25379722
110.67199722
110.66899722
110.74010833
109.77990833
109.65961944
109.73687777
109.78290833
109.77140833
110.313
110.29279722
110.39
110.08199722
110.29246944
110.82687777
111.15332777
111.146
111.15999722
110.91260833
110.665
110.93099722
110.82240833
110.82899722
111.21399722
111.21170833
110.447
110.40930833
110.06399722
110.158
110.03650833
110.12099722
110.14452777
110.248
111.25087777
111.15699722
110.28
110.286
110.28499722
110.28199722
110.284
110.662
110.69565
111.21057777
111.25074722
111.18525833
110.861
110.92527777
110.85251944
110.93118888
110.85393888
110.82107777
111.006
111.08639722
111.018
111.02193888
110.03800833
111.29399722
110.665
110.71923888
110.7116
110.72718888
110.739
110.67799722
110.56190833
110.602
110.59123888
110.60705833
110.58616944
110.295
111.331
109.77251944
111.061
111.12330833
111.042
111.07299722
111.06499722
111.061
111.057
111.06199722
111.08666944
111.024
111.07299722
110.56999722
110.328
110.275
110.697
110.635
110.01999722
110.59399722
110.20999722
110.61199722
110.23547777
110.31587777
110.31435833
110.30810833
110.20699722
110.20999722
110.16715833
109.96840833
111.12099722
111.08188888
111.17626944
111.11745
111.13923888
111.12952777
111.11210833
111.25897777
111.27971944
111.23321944
111.19780833
110.27899722
110.44299722
109.98710833
109.98840833
110.06700833
110.25200833
110.283
110.23525833
110.23792777
110.668
110.52599722
110.495
110.12990833
110.53720833
110.68484722
110.462
110.45480833
110.43385
110.50780833
110.49293888
110.42110833
110.48695833
110.48837777
110.59343888
110.5557
110.33918888
110.57276944
111.07299722
111.06199722
111.063
111.06699722
110.49699722
111.046
110.18099722
110.159
110.13726944
109.91745
111.06399722
111.04041388
111.129
110.60250833
110.57100833
110.66949722
110.62673888
110.63910833
110.63123888
110.54811944
110.24710833
110.31199722
110.325
110.295
110.28199722
111.14980833
111.12688888
111.153
110.3169
111.04031944
110.64104444
111.21054722
111.23940833
111.18180833
111.18270833
111.21836944
111.21553888
110.96667777
110.289
110.284
110.30599722
111.90999722
110.313
110.275
110.63838055
110.29099722
110.67745833
110.043
110.715
110.04410833
110.12746944
110.52719722
110.32439722
110.29349722
110.43336944
110.48870833
110.47576944
110.295
110.06063888
109.912
109.98450833
109.95210833
110.29399722
110.295
110.265
109.6799
109.65985833
110.414
110.41299722
110.438
110.412
110.36969722
110.018
110.055
110.07310833
110.01999722
110.054
109.92500833
109.98300833
110.00499722
109.98699722
109.98321944
109.983
109.99899722
110.39199722
110.42590833
110.37300833
110.221
110.018
110.388
110.39670833
110.394
110.38299722
110.39499722
110.37728611
110.39816944
110.39499722
110.388
110.399
110.40638611
110.39
110.39537777
110.388
110.82099722
110.34
110.33199722
110.424
110.41599722
110.22889722
110.33943888
110.28456944
110.34399722
110.31799722
110.34199722
110.299
110.36599722
110.331
110.34199722
110.274
110.275
110.82084722
110.79333888
110.82699722
110.80120833
110.82480833
110.70815
110.72420833
110.637
110.71004722
110.65881944
110.71900833
110.63310833
110.60365
110.63211944
110.456
110.61650833
110.44199722
110.41302777
110.47405
110.49609722
110.438
110.38485555
110.35532777
110.34558888
110.32236944
111.00799722
110.92799722
110.93886944
110.70099722
110.644
110.337
110.43099722
111.23151944
111.23793888
110.837
110.85290833
110.84052777
111.114
110.11499722
110.12099722
110.29
110.215
110.69430833
111.0596
111.04366944
110.299
110.319
110.29099722
111.86299722
111.852
110.158
111.801
110.29099722
110.37
110.69199722
110.61199722
110.54099722
110.59099722
110.27899722
110.12999722
110.28
110.643
111.47499722
110.275
110.64199722
110.31799722
110.97733888
110.76749722
110.75500833
110.79795
110.84
110.79820833
110.888
110.92310833
110.99165
110.95499722
110.98999722
111.04399722
110.322
110.006
110.254
110.203
110.00799722
110.316
110.284
110.215
110.60599722
110.35694722
110.292
110.379
110.287
110.27899722
110.277
110.275
110.269
110.677
110.278
110.293
110.287
111.0
110.296
110.295
110.32599722
110.10899722
111.33499722
111.301
110.65999722
111.061
111.02280833
110.93876666
111.04104722
110.301
110.382
110.15399722
110.31799722
110.287
111.021
110.31699722
110.31221944
110.64064722
110.781
110.83611944
110.766
110.796
110.75022777
110.74960833
110.239
110.263
110.269
110.23799722
110.98880833
110.98765833
110.48725
110.489
110.503
110.48390833
110.47599722
110.489
110.48199722
110.521
110.55411944
111.17605
111.14225
111.10660833
110.99099722
110.414
110.31799722
110.31199722
110.152
110.013
110.004
110.281
110.28799722
110.49299722
110.25799722
110.646
110.641
110.641
110.63599722
110.653
110.667
110.63899722
110.656
110.894
110.86098888
110.96639722
111.03024722
110.97438888
110.98617777
110.99699722
111.00036944
110.125
110.10840833
110.15500833
110.12189722
110.14640833
110.08899722
110.95992777
111.171
111.17856944
111.08763888
111.819
111.864
110.281
111.953
111.042
111.12556388
111.14562222
111.17363888
111.12694722
110.79588333
110.68395833
110.74416944
110.71867777
110.78191944
110.79192777
111.07999722
111.07099722
110.41326944
111.266
110.63537777
110.17199722
110.31799722
110.33599722
110.23499722
110.29699722
110.19799722
110.311
110.32399722
110.31499722
110.50425277
110.31008888
110.307
110.298
110.31499722
110.307
110.298
110.3019
110.664
111.04
111.072
110.29099722
110.2822
111.89199722
110.26999722
110.30299722
110.382
110.33899722
110.42199722
110.32299722
110.304
111.14700833
111.15999722
111.10299722
111.16593888
111.08899722
110.52090833
110.55630833
110.57550833
110.49100833
110.293
111.82299722
111.85099722
110.424
111.798
110.50512777
110.460225
110.36445
110.9932
111.18165833
111.11119722
111.1777
111.10243888
111.15399722
111.14902777
110.34199722
110.01773888
110.03970833
109.98070833
110.352
111.14799722
111.14799722
110.447
110.69825833
110.641
110.69096944
110.007
110.00199722
109.99200833
110.01750833
110.009
110.09399722
109.74779722
110.12066944
109.76699722
110.069
110.08355
110.43480833
110.38473888
110.36554722
110.40520833
110.277
110.32099722
110.29
110.28
110.83761944
110.793
110.78539722
110.67215833
110.71699722
110.75046944
110.7527
110.75538888
110.72402777
110.66541944
110.67970833
110.79699722
110.88703888
110.60921944
110.55758888
110.64
110.65349722
110.637
110.63082777
110.638
110.62370833
110.709
110.62199722
109.65370833
109.65402777
111.05230833
110.96999722
111.04663888
110.8683
110.86320833
110.85684722
110.85181944
111.09999722
111.02510833
110.82216944
110.72400833
110.82299722
110.82808888
110.284
110.302
110.28
110.29
110.808
110.316
110.65360833
110.63899722
110.62512777
110.60908888
110.55512777
110.66428888
110.71160833
110.43
110.39145
110.40216944
110.38550833
110.399
110.31999722
110.674
110.92690833
110.87099722
110.92655833
110.86385833
110.77533888
110.884
110.91453888
110.141
110.03799722
110.34
109.98099722
110.63599722
110.643
110.659
110.662
110.676
110.28799722
110.293
110.293
110.293
110.43113888
110.2737
110.301
110.47973888
110.39499722
110.45656666
110.82699722
110.825
110.816
110.47510833
110.42499722
110.44599722
110.35346944
110.274
110.296
110.31199722
110.2899
111.772
110.31489722
110.30899722
110.302
110.277
110.296
110.289
110.296
110.293
110.29091666
110.292
110.411
110.35073888
110.65622777
110.31399722
110.31246944
110.69554722
110.50046944
110.10990833
111.155
110.44199722
110.81667777
110.95700833
110.37199722
110.40399722
110.42199722
110.43417777
110.49861944
110.432
110.46980833
110.427
110.26149722
110.23373888
110.28240833
110.23830833
110.26099722
110.29122777
110.245
110.265
110.36296944
110.33299722
110.51099722
110.30370833
110.51450833
110.21099722
110.55160833
110.49198888
110.46026944
110.855
110.77850833
110.76643888
110.82550833
110.60130833
110.77750833
110.269
110.2924
110.674
110.224
110.281
109.68691944
110.292
110.301
110.456
110.557
110.59499722
110.522
110.555
110.274
110.278
110.29699722
110.295
110.09999722
110.48241388
110.30599722
110.23499722
110.275
110.233
110.23199722
110.65999722
110.23099722
110.27899722
109.912
110.287
110.23199722
110.27899722
110.311
110.46999722
110.82099722
110.62504444
110.69451388
110.69396944
110.68703888
110.31799722
110.23199722
110.17226944
110.31117222
111.07599722
110.34999722
111.2249
110.26
110.245
110.28199722
110.60899722
110.34099722
110.614
110.691
110.31499722
110.73399722
110.665
110.203
111.138
110.29099722
110.305
111.12399722
110.289
110.293
110.289
110.28499722
110.28
110.31799722
111.06199722
110.66549722
110.28135
110.49699722
110.54608888
110.98106666
110.29678333
110.2901
110.492
110.28499722
110.281
110.29099722
110.60899722
110.73
110.29
110.31199722
110.28
110.87
110.19899722
110.67199722
110.274
110.296
110.643
111.16299722
110.671
111.125
110.63899722
110.647
109.99699722
110.67499722
110.20799722
110.82399722
110.396
110.396
110.31699722
110.86910833
111.01283888
110.89488888
110.93265833
110.95866944
110.98661944
110.96558888
110.96633888
110.527
110.28199722
111.114
111.787
111.772
110.307
110.70591944
110.90453888
110.06499722
110.67199722
110.275
110.65699722
110.63899722
110.85699722
111.05599722
111.259
110.58969722
110.87700833
110.67199722
110.671
110.27899722
110.26845
110.641
110.674
111.295
110.5
110.48999722
110.38599722
110.305
110.292
111.10195
110.32099722
110.194
110.40750277
110.295
110.27589722
110.2856
109.77251944
110.28619722
110.23300833
110.292
110.281
110.49321388
110.319
110.293
110.325
110.31
110.277
110.331
110.60077222
110.65519722
110.301
110.2813
110.006
110.64799722
110.308
110.16299722
110.23999722
110.364
110.49099722
110.31399722
110.611
110.26999722
110.65699722
110.501
110.671
110.611
110.70099722
110.778
110.79699722
110.71599722
110.65099722
111.54699722
110.661
111.4
111.81
110.70399722
111.60399722
110.68099722
110.32299722
110.29999722
110.304
110.284
110.16225833
111.152
111.62199722
111.644
111.611
110.29999722
111.85999722
111.805
110.26
110.313
110.35599722
110.48499722
110.471
110.47499722
111.09407777
110.48799722
110.492
110.28799722
110.299
110.307
111.86499722
110.29099722
110.257
110.305
110.31399722
110.32099722
110.305
110.70199722
110.18919722
